{
 "cells": [
  {
   "attachments": {},
   "cell_type": "markdown",
   "metadata": {},
   "source": [
    "<font size = 5><u><b>Exploratory Data Analysis </u></b> </font>\n",
    "\n",
    "<p>Exploratory data analysis or in short EDA is an approach to analyze data in order to summarize main characteristics of the data gain better understanding of the data set, uncover relationships between different variables, and extract important variables for the problem we're trying to solve.</p>\n",
    "\n",
    "We are going to cover the following things: <br>\n",
    "            - Analysing individual columns (Continuous, Categorical)<br> \n",
    "            - Descriptive Statistics<br>\n",
    "            - Grouping of columns (pivot table, heatmap) <br>\n",
    "            - Correlation and Causation (P-values) <br>\n",
    "            - ANOVA: Analysis of Variance (F-test score, P-value)"
   ]
  },
  {
   "cell_type": "code",
   "execution_count": 51,
   "metadata": {},
   "outputs": [
    {
     "data": {
      "text/html": [
       "<div>\n",
       "<style scoped>\n",
       "    .dataframe tbody tr th:only-of-type {\n",
       "        vertical-align: middle;\n",
       "    }\n",
       "\n",
       "    .dataframe tbody tr th {\n",
       "        vertical-align: top;\n",
       "    }\n",
       "\n",
       "    .dataframe thead th {\n",
       "        text-align: right;\n",
       "    }\n",
       "</style>\n",
       "<table border=\"1\" class=\"dataframe\">\n",
       "  <thead>\n",
       "    <tr style=\"text-align: right;\">\n",
       "      <th></th>\n",
       "      <th>symboling</th>\n",
       "      <th>normalized-losses</th>\n",
       "      <th>make</th>\n",
       "      <th>aspiration</th>\n",
       "      <th>num-of-doors</th>\n",
       "      <th>body-style</th>\n",
       "      <th>drive-wheels</th>\n",
       "      <th>engine-location</th>\n",
       "      <th>wheel-base</th>\n",
       "      <th>length</th>\n",
       "      <th>...</th>\n",
       "      <th>compression-ratio</th>\n",
       "      <th>horsepower</th>\n",
       "      <th>peak-rpm</th>\n",
       "      <th>city-mpg</th>\n",
       "      <th>highway-mpg</th>\n",
       "      <th>price</th>\n",
       "      <th>city-L/100km</th>\n",
       "      <th>horsepower-binned</th>\n",
       "      <th>diesel</th>\n",
       "      <th>gas</th>\n",
       "    </tr>\n",
       "  </thead>\n",
       "  <tbody>\n",
       "    <tr>\n",
       "      <th>0</th>\n",
       "      <td>3</td>\n",
       "      <td>122</td>\n",
       "      <td>alfa-romero</td>\n",
       "      <td>std</td>\n",
       "      <td>two</td>\n",
       "      <td>convertible</td>\n",
       "      <td>rwd</td>\n",
       "      <td>front</td>\n",
       "      <td>88.6</td>\n",
       "      <td>0.811148</td>\n",
       "      <td>...</td>\n",
       "      <td>9.0</td>\n",
       "      <td>111.0</td>\n",
       "      <td>5000.0</td>\n",
       "      <td>21</td>\n",
       "      <td>27</td>\n",
       "      <td>13495.0</td>\n",
       "      <td>11.190476</td>\n",
       "      <td>Medium</td>\n",
       "      <td>0</td>\n",
       "      <td>1</td>\n",
       "    </tr>\n",
       "    <tr>\n",
       "      <th>1</th>\n",
       "      <td>3</td>\n",
       "      <td>122</td>\n",
       "      <td>alfa-romero</td>\n",
       "      <td>std</td>\n",
       "      <td>two</td>\n",
       "      <td>convertible</td>\n",
       "      <td>rwd</td>\n",
       "      <td>front</td>\n",
       "      <td>88.6</td>\n",
       "      <td>0.811148</td>\n",
       "      <td>...</td>\n",
       "      <td>9.0</td>\n",
       "      <td>111.0</td>\n",
       "      <td>5000.0</td>\n",
       "      <td>21</td>\n",
       "      <td>27</td>\n",
       "      <td>16500.0</td>\n",
       "      <td>11.190476</td>\n",
       "      <td>Medium</td>\n",
       "      <td>0</td>\n",
       "      <td>1</td>\n",
       "    </tr>\n",
       "    <tr>\n",
       "      <th>2</th>\n",
       "      <td>1</td>\n",
       "      <td>122</td>\n",
       "      <td>alfa-romero</td>\n",
       "      <td>std</td>\n",
       "      <td>two</td>\n",
       "      <td>hatchback</td>\n",
       "      <td>rwd</td>\n",
       "      <td>front</td>\n",
       "      <td>94.5</td>\n",
       "      <td>0.822681</td>\n",
       "      <td>...</td>\n",
       "      <td>9.0</td>\n",
       "      <td>154.0</td>\n",
       "      <td>5000.0</td>\n",
       "      <td>19</td>\n",
       "      <td>26</td>\n",
       "      <td>16500.0</td>\n",
       "      <td>12.368421</td>\n",
       "      <td>Medium</td>\n",
       "      <td>0</td>\n",
       "      <td>1</td>\n",
       "    </tr>\n",
       "    <tr>\n",
       "      <th>3</th>\n",
       "      <td>2</td>\n",
       "      <td>164</td>\n",
       "      <td>audi</td>\n",
       "      <td>std</td>\n",
       "      <td>four</td>\n",
       "      <td>sedan</td>\n",
       "      <td>fwd</td>\n",
       "      <td>front</td>\n",
       "      <td>99.8</td>\n",
       "      <td>0.848630</td>\n",
       "      <td>...</td>\n",
       "      <td>10.0</td>\n",
       "      <td>102.0</td>\n",
       "      <td>5500.0</td>\n",
       "      <td>24</td>\n",
       "      <td>30</td>\n",
       "      <td>13950.0</td>\n",
       "      <td>9.791667</td>\n",
       "      <td>Medium</td>\n",
       "      <td>0</td>\n",
       "      <td>1</td>\n",
       "    </tr>\n",
       "    <tr>\n",
       "      <th>4</th>\n",
       "      <td>2</td>\n",
       "      <td>164</td>\n",
       "      <td>audi</td>\n",
       "      <td>std</td>\n",
       "      <td>four</td>\n",
       "      <td>sedan</td>\n",
       "      <td>4wd</td>\n",
       "      <td>front</td>\n",
       "      <td>99.4</td>\n",
       "      <td>0.848630</td>\n",
       "      <td>...</td>\n",
       "      <td>8.0</td>\n",
       "      <td>115.0</td>\n",
       "      <td>5500.0</td>\n",
       "      <td>18</td>\n",
       "      <td>22</td>\n",
       "      <td>17450.0</td>\n",
       "      <td>13.055556</td>\n",
       "      <td>Medium</td>\n",
       "      <td>0</td>\n",
       "      <td>1</td>\n",
       "    </tr>\n",
       "  </tbody>\n",
       "</table>\n",
       "<p>5 rows × 29 columns</p>\n",
       "</div>"
      ],
      "text/plain": [
       "   symboling  normalized-losses         make aspiration num-of-doors  \\\n",
       "0          3                122  alfa-romero        std          two   \n",
       "1          3                122  alfa-romero        std          two   \n",
       "2          1                122  alfa-romero        std          two   \n",
       "3          2                164         audi        std         four   \n",
       "4          2                164         audi        std         four   \n",
       "\n",
       "    body-style drive-wheels engine-location  wheel-base    length  ...  \\\n",
       "0  convertible          rwd           front        88.6  0.811148  ...   \n",
       "1  convertible          rwd           front        88.6  0.811148  ...   \n",
       "2    hatchback          rwd           front        94.5  0.822681  ...   \n",
       "3        sedan          fwd           front        99.8  0.848630  ...   \n",
       "4        sedan          4wd           front        99.4  0.848630  ...   \n",
       "\n",
       "   compression-ratio  horsepower  peak-rpm city-mpg highway-mpg    price  \\\n",
       "0                9.0       111.0    5000.0       21          27  13495.0   \n",
       "1                9.0       111.0    5000.0       21          27  16500.0   \n",
       "2                9.0       154.0    5000.0       19          26  16500.0   \n",
       "3               10.0       102.0    5500.0       24          30  13950.0   \n",
       "4                8.0       115.0    5500.0       18          22  17450.0   \n",
       "\n",
       "  city-L/100km  horsepower-binned  diesel  gas  \n",
       "0    11.190476             Medium       0    1  \n",
       "1    11.190476             Medium       0    1  \n",
       "2    12.368421             Medium       0    1  \n",
       "3     9.791667             Medium       0    1  \n",
       "4    13.055556             Medium       0    1  \n",
       "\n",
       "[5 rows x 29 columns]"
      ]
     },
     "execution_count": 51,
     "metadata": {},
     "output_type": "execute_result"
    }
   ],
   "source": [
    "import pandas as pd\n",
    "import numpy as np\n",
    "\n",
    "df = pd.read_csv(\"automobileEDA.csv\")\n",
    "df.head()\n"
   ]
  },
  {
   "cell_type": "code",
   "execution_count": 10,
   "metadata": {},
   "outputs": [],
   "source": [
    "import matplotlib.pyplot as plt\n",
    "import seaborn as sns\n",
    "%matplotlib inline \n",
    "#to plot in a Jupyter notebook"
   ]
  },
  {
   "attachments": {},
   "cell_type": "markdown",
   "metadata": {},
   "source": [
    "When visualizing individual variables, it is important to first understand what type of variable you are dealing with. This will help us find the right visualization method for that variable."
   ]
  },
  {
   "cell_type": "code",
   "execution_count": 12,
   "metadata": {},
   "outputs": [
    {
     "data": {
      "text/plain": [
       "symboling              int64\n",
       "normalized-losses      int64\n",
       "make                  object\n",
       "fuel-type             object\n",
       "aspiration            object\n",
       "num-of-doors          object\n",
       "body-style            object\n",
       "drive-wheels          object\n",
       "engine-location       object\n",
       "wheel-base           float64\n",
       "length               float64\n",
       "width                float64\n",
       "height               float64\n",
       "curb-weight            int64\n",
       "engine-type           object\n",
       "num-of-cylinders      object\n",
       "engine-size            int64\n",
       "fuel-system           object\n",
       "bore                 float64\n",
       "stroke               float64\n",
       "compression-ratio    float64\n",
       "horsepower             int64\n",
       "peak-rpm               int64\n",
       "city-mpg               int64\n",
       "highway-mpg            int64\n",
       "price                  int64\n",
       "dtype: object"
      ]
     },
     "execution_count": 12,
     "metadata": {},
     "output_type": "execute_result"
    }
   ],
   "source": [
    "df.dtypes"
   ]
  },
  {
   "cell_type": "code",
   "execution_count": 13,
   "metadata": {},
   "outputs": [
    {
     "name": "stderr",
     "output_type": "stream",
     "text": [
      "C:\\Users\\USER\\AppData\\Local\\Temp\\ipykernel_1372\\1134722465.py:1: FutureWarning: The default value of numeric_only in DataFrame.corr is deprecated. In a future version, it will default to False. Select only valid columns or specify the value of numeric_only to silence this warning.\n",
      "  df.corr()\n"
     ]
    },
    {
     "data": {
      "text/html": [
       "<div>\n",
       "<style scoped>\n",
       "    .dataframe tbody tr th:only-of-type {\n",
       "        vertical-align: middle;\n",
       "    }\n",
       "\n",
       "    .dataframe tbody tr th {\n",
       "        vertical-align: top;\n",
       "    }\n",
       "\n",
       "    .dataframe thead th {\n",
       "        text-align: right;\n",
       "    }\n",
       "</style>\n",
       "<table border=\"1\" class=\"dataframe\">\n",
       "  <thead>\n",
       "    <tr style=\"text-align: right;\">\n",
       "      <th></th>\n",
       "      <th>symboling</th>\n",
       "      <th>normalized-losses</th>\n",
       "      <th>wheel-base</th>\n",
       "      <th>length</th>\n",
       "      <th>width</th>\n",
       "      <th>height</th>\n",
       "      <th>curb-weight</th>\n",
       "      <th>engine-size</th>\n",
       "      <th>bore</th>\n",
       "      <th>stroke</th>\n",
       "      <th>compression-ratio</th>\n",
       "      <th>horsepower</th>\n",
       "      <th>peak-rpm</th>\n",
       "      <th>city-mpg</th>\n",
       "      <th>highway-mpg</th>\n",
       "      <th>price</th>\n",
       "    </tr>\n",
       "  </thead>\n",
       "  <tbody>\n",
       "    <tr>\n",
       "      <th>symboling</th>\n",
       "      <td>1.000000</td>\n",
       "      <td>0.528667</td>\n",
       "      <td>-0.522159</td>\n",
       "      <td>-0.334736</td>\n",
       "      <td>-0.208303</td>\n",
       "      <td>-0.516420</td>\n",
       "      <td>-0.246281</td>\n",
       "      <td>-0.169342</td>\n",
       "      <td>-0.257013</td>\n",
       "      <td>-0.020539</td>\n",
       "      <td>-0.141755</td>\n",
       "      <td>0.016301</td>\n",
       "      <td>0.264971</td>\n",
       "      <td>0.013028</td>\n",
       "      <td>0.078220</td>\n",
       "      <td>-0.144078</td>\n",
       "    </tr>\n",
       "    <tr>\n",
       "      <th>normalized-losses</th>\n",
       "      <td>0.528667</td>\n",
       "      <td>1.000000</td>\n",
       "      <td>-0.074362</td>\n",
       "      <td>0.023220</td>\n",
       "      <td>0.105073</td>\n",
       "      <td>-0.432335</td>\n",
       "      <td>0.119893</td>\n",
       "      <td>0.167365</td>\n",
       "      <td>-0.036167</td>\n",
       "      <td>0.065627</td>\n",
       "      <td>-0.132654</td>\n",
       "      <td>0.295772</td>\n",
       "      <td>0.264597</td>\n",
       "      <td>-0.258502</td>\n",
       "      <td>-0.210768</td>\n",
       "      <td>0.203254</td>\n",
       "    </tr>\n",
       "    <tr>\n",
       "      <th>wheel-base</th>\n",
       "      <td>-0.522159</td>\n",
       "      <td>-0.074362</td>\n",
       "      <td>1.000000</td>\n",
       "      <td>0.871641</td>\n",
       "      <td>0.811949</td>\n",
       "      <td>0.558956</td>\n",
       "      <td>0.808489</td>\n",
       "      <td>0.650577</td>\n",
       "      <td>0.580484</td>\n",
       "      <td>0.164012</td>\n",
       "      <td>0.295342</td>\n",
       "      <td>0.503615</td>\n",
       "      <td>-0.304538</td>\n",
       "      <td>-0.535380</td>\n",
       "      <td>-0.572540</td>\n",
       "      <td>0.726600</td>\n",
       "    </tr>\n",
       "    <tr>\n",
       "      <th>length</th>\n",
       "      <td>-0.334736</td>\n",
       "      <td>0.023220</td>\n",
       "      <td>0.871641</td>\n",
       "      <td>1.000000</td>\n",
       "      <td>0.837930</td>\n",
       "      <td>0.496802</td>\n",
       "      <td>0.869949</td>\n",
       "      <td>0.716208</td>\n",
       "      <td>0.649059</td>\n",
       "      <td>0.116049</td>\n",
       "      <td>0.190043</td>\n",
       "      <td>0.659407</td>\n",
       "      <td>-0.241771</td>\n",
       "      <td>-0.683543</td>\n",
       "      <td>-0.690581</td>\n",
       "      <td>0.756060</td>\n",
       "    </tr>\n",
       "    <tr>\n",
       "      <th>width</th>\n",
       "      <td>-0.208303</td>\n",
       "      <td>0.105073</td>\n",
       "      <td>0.811949</td>\n",
       "      <td>0.837930</td>\n",
       "      <td>1.000000</td>\n",
       "      <td>0.283885</td>\n",
       "      <td>0.870256</td>\n",
       "      <td>0.756317</td>\n",
       "      <td>0.575048</td>\n",
       "      <td>0.192891</td>\n",
       "      <td>0.261152</td>\n",
       "      <td>0.675741</td>\n",
       "      <td>-0.223720</td>\n",
       "      <td>-0.644124</td>\n",
       "      <td>-0.674959</td>\n",
       "      <td>0.841883</td>\n",
       "    </tr>\n",
       "    <tr>\n",
       "      <th>height</th>\n",
       "      <td>-0.516420</td>\n",
       "      <td>-0.432335</td>\n",
       "      <td>0.558956</td>\n",
       "      <td>0.496802</td>\n",
       "      <td>0.283885</td>\n",
       "      <td>1.000000</td>\n",
       "      <td>0.358663</td>\n",
       "      <td>0.174557</td>\n",
       "      <td>0.261501</td>\n",
       "      <td>-0.095364</td>\n",
       "      <td>0.236149</td>\n",
       "      <td>0.011204</td>\n",
       "      <td>-0.311552</td>\n",
       "      <td>-0.112150</td>\n",
       "      <td>-0.146788</td>\n",
       "      <td>0.224936</td>\n",
       "    </tr>\n",
       "    <tr>\n",
       "      <th>curb-weight</th>\n",
       "      <td>-0.246281</td>\n",
       "      <td>0.119893</td>\n",
       "      <td>0.808489</td>\n",
       "      <td>0.869949</td>\n",
       "      <td>0.870256</td>\n",
       "      <td>0.358663</td>\n",
       "      <td>1.000000</td>\n",
       "      <td>0.867894</td>\n",
       "      <td>0.646640</td>\n",
       "      <td>0.171691</td>\n",
       "      <td>0.226822</td>\n",
       "      <td>0.784320</td>\n",
       "      <td>-0.255611</td>\n",
       "      <td>-0.732746</td>\n",
       "      <td>-0.765103</td>\n",
       "      <td>0.891750</td>\n",
       "    </tr>\n",
       "    <tr>\n",
       "      <th>engine-size</th>\n",
       "      <td>-0.169342</td>\n",
       "      <td>0.167365</td>\n",
       "      <td>0.650577</td>\n",
       "      <td>0.716208</td>\n",
       "      <td>0.756317</td>\n",
       "      <td>0.174557</td>\n",
       "      <td>0.867894</td>\n",
       "      <td>1.000000</td>\n",
       "      <td>0.597336</td>\n",
       "      <td>0.296693</td>\n",
       "      <td>0.146519</td>\n",
       "      <td>0.768618</td>\n",
       "      <td>-0.334210</td>\n",
       "      <td>-0.599425</td>\n",
       "      <td>-0.625054</td>\n",
       "      <td>0.807566</td>\n",
       "    </tr>\n",
       "    <tr>\n",
       "      <th>bore</th>\n",
       "      <td>-0.257013</td>\n",
       "      <td>-0.036167</td>\n",
       "      <td>0.580484</td>\n",
       "      <td>0.649059</td>\n",
       "      <td>0.575048</td>\n",
       "      <td>0.261501</td>\n",
       "      <td>0.646640</td>\n",
       "      <td>0.597336</td>\n",
       "      <td>1.000000</td>\n",
       "      <td>-0.105464</td>\n",
       "      <td>0.019216</td>\n",
       "      <td>0.557107</td>\n",
       "      <td>-0.315841</td>\n",
       "      <td>-0.585618</td>\n",
       "      <td>-0.586729</td>\n",
       "      <td>0.534891</td>\n",
       "    </tr>\n",
       "    <tr>\n",
       "      <th>stroke</th>\n",
       "      <td>-0.020539</td>\n",
       "      <td>0.065627</td>\n",
       "      <td>0.164012</td>\n",
       "      <td>0.116049</td>\n",
       "      <td>0.192891</td>\n",
       "      <td>-0.095364</td>\n",
       "      <td>0.171691</td>\n",
       "      <td>0.296693</td>\n",
       "      <td>-0.105464</td>\n",
       "      <td>1.000000</td>\n",
       "      <td>0.240895</td>\n",
       "      <td>0.149315</td>\n",
       "      <td>-0.008569</td>\n",
       "      <td>-0.021381</td>\n",
       "      <td>-0.013974</td>\n",
       "      <td>0.158798</td>\n",
       "    </tr>\n",
       "    <tr>\n",
       "      <th>compression-ratio</th>\n",
       "      <td>-0.141755</td>\n",
       "      <td>-0.132654</td>\n",
       "      <td>0.295342</td>\n",
       "      <td>0.190043</td>\n",
       "      <td>0.261152</td>\n",
       "      <td>0.236149</td>\n",
       "      <td>0.226822</td>\n",
       "      <td>0.146519</td>\n",
       "      <td>0.019216</td>\n",
       "      <td>0.240895</td>\n",
       "      <td>1.000000</td>\n",
       "      <td>-0.164042</td>\n",
       "      <td>-0.409726</td>\n",
       "      <td>0.278269</td>\n",
       "      <td>0.223595</td>\n",
       "      <td>0.209138</td>\n",
       "    </tr>\n",
       "    <tr>\n",
       "      <th>horsepower</th>\n",
       "      <td>0.016301</td>\n",
       "      <td>0.295772</td>\n",
       "      <td>0.503615</td>\n",
       "      <td>0.659407</td>\n",
       "      <td>0.675741</td>\n",
       "      <td>0.011204</td>\n",
       "      <td>0.784320</td>\n",
       "      <td>0.768618</td>\n",
       "      <td>0.557107</td>\n",
       "      <td>0.149315</td>\n",
       "      <td>-0.164042</td>\n",
       "      <td>1.000000</td>\n",
       "      <td>0.091212</td>\n",
       "      <td>-0.825310</td>\n",
       "      <td>-0.819190</td>\n",
       "      <td>0.759040</td>\n",
       "    </tr>\n",
       "    <tr>\n",
       "      <th>peak-rpm</th>\n",
       "      <td>0.264971</td>\n",
       "      <td>0.264597</td>\n",
       "      <td>-0.304538</td>\n",
       "      <td>-0.241771</td>\n",
       "      <td>-0.223720</td>\n",
       "      <td>-0.311552</td>\n",
       "      <td>-0.255611</td>\n",
       "      <td>-0.334210</td>\n",
       "      <td>-0.315841</td>\n",
       "      <td>-0.008569</td>\n",
       "      <td>-0.409726</td>\n",
       "      <td>0.091212</td>\n",
       "      <td>1.000000</td>\n",
       "      <td>-0.120581</td>\n",
       "      <td>-0.093605</td>\n",
       "      <td>-0.154289</td>\n",
       "    </tr>\n",
       "    <tr>\n",
       "      <th>city-mpg</th>\n",
       "      <td>0.013028</td>\n",
       "      <td>-0.258502</td>\n",
       "      <td>-0.535380</td>\n",
       "      <td>-0.683543</td>\n",
       "      <td>-0.644124</td>\n",
       "      <td>-0.112150</td>\n",
       "      <td>-0.732746</td>\n",
       "      <td>-0.599425</td>\n",
       "      <td>-0.585618</td>\n",
       "      <td>-0.021381</td>\n",
       "      <td>0.278269</td>\n",
       "      <td>-0.825310</td>\n",
       "      <td>-0.120581</td>\n",
       "      <td>1.000000</td>\n",
       "      <td>0.972996</td>\n",
       "      <td>-0.678644</td>\n",
       "    </tr>\n",
       "    <tr>\n",
       "      <th>highway-mpg</th>\n",
       "      <td>0.078220</td>\n",
       "      <td>-0.210768</td>\n",
       "      <td>-0.572540</td>\n",
       "      <td>-0.690581</td>\n",
       "      <td>-0.674959</td>\n",
       "      <td>-0.146788</td>\n",
       "      <td>-0.765103</td>\n",
       "      <td>-0.625054</td>\n",
       "      <td>-0.586729</td>\n",
       "      <td>-0.013974</td>\n",
       "      <td>0.223595</td>\n",
       "      <td>-0.819190</td>\n",
       "      <td>-0.093605</td>\n",
       "      <td>0.972996</td>\n",
       "      <td>1.000000</td>\n",
       "      <td>-0.709135</td>\n",
       "    </tr>\n",
       "    <tr>\n",
       "      <th>price</th>\n",
       "      <td>-0.144078</td>\n",
       "      <td>0.203254</td>\n",
       "      <td>0.726600</td>\n",
       "      <td>0.756060</td>\n",
       "      <td>0.841883</td>\n",
       "      <td>0.224936</td>\n",
       "      <td>0.891750</td>\n",
       "      <td>0.807566</td>\n",
       "      <td>0.534891</td>\n",
       "      <td>0.158798</td>\n",
       "      <td>0.209138</td>\n",
       "      <td>0.759040</td>\n",
       "      <td>-0.154289</td>\n",
       "      <td>-0.678644</td>\n",
       "      <td>-0.709135</td>\n",
       "      <td>1.000000</td>\n",
       "    </tr>\n",
       "  </tbody>\n",
       "</table>\n",
       "</div>"
      ],
      "text/plain": [
       "                   symboling  normalized-losses  wheel-base    length  \\\n",
       "symboling           1.000000           0.528667   -0.522159 -0.334736   \n",
       "normalized-losses   0.528667           1.000000   -0.074362  0.023220   \n",
       "wheel-base         -0.522159          -0.074362    1.000000  0.871641   \n",
       "length             -0.334736           0.023220    0.871641  1.000000   \n",
       "width              -0.208303           0.105073    0.811949  0.837930   \n",
       "height             -0.516420          -0.432335    0.558956  0.496802   \n",
       "curb-weight        -0.246281           0.119893    0.808489  0.869949   \n",
       "engine-size        -0.169342           0.167365    0.650577  0.716208   \n",
       "bore               -0.257013          -0.036167    0.580484  0.649059   \n",
       "stroke             -0.020539           0.065627    0.164012  0.116049   \n",
       "compression-ratio  -0.141755          -0.132654    0.295342  0.190043   \n",
       "horsepower          0.016301           0.295772    0.503615  0.659407   \n",
       "peak-rpm            0.264971           0.264597   -0.304538 -0.241771   \n",
       "city-mpg            0.013028          -0.258502   -0.535380 -0.683543   \n",
       "highway-mpg         0.078220          -0.210768   -0.572540 -0.690581   \n",
       "price              -0.144078           0.203254    0.726600  0.756060   \n",
       "\n",
       "                      width    height  curb-weight  engine-size      bore  \\\n",
       "symboling         -0.208303 -0.516420    -0.246281    -0.169342 -0.257013   \n",
       "normalized-losses  0.105073 -0.432335     0.119893     0.167365 -0.036167   \n",
       "wheel-base         0.811949  0.558956     0.808489     0.650577  0.580484   \n",
       "length             0.837930  0.496802     0.869949     0.716208  0.649059   \n",
       "width              1.000000  0.283885     0.870256     0.756317  0.575048   \n",
       "height             0.283885  1.000000     0.358663     0.174557  0.261501   \n",
       "curb-weight        0.870256  0.358663     1.000000     0.867894  0.646640   \n",
       "engine-size        0.756317  0.174557     0.867894     1.000000  0.597336   \n",
       "bore               0.575048  0.261501     0.646640     0.597336  1.000000   \n",
       "stroke             0.192891 -0.095364     0.171691     0.296693 -0.105464   \n",
       "compression-ratio  0.261152  0.236149     0.226822     0.146519  0.019216   \n",
       "horsepower         0.675741  0.011204     0.784320     0.768618  0.557107   \n",
       "peak-rpm          -0.223720 -0.311552    -0.255611    -0.334210 -0.315841   \n",
       "city-mpg          -0.644124 -0.112150    -0.732746    -0.599425 -0.585618   \n",
       "highway-mpg       -0.674959 -0.146788    -0.765103    -0.625054 -0.586729   \n",
       "price              0.841883  0.224936     0.891750     0.807566  0.534891   \n",
       "\n",
       "                     stroke  compression-ratio  horsepower  peak-rpm  \\\n",
       "symboling         -0.020539          -0.141755    0.016301  0.264971   \n",
       "normalized-losses  0.065627          -0.132654    0.295772  0.264597   \n",
       "wheel-base         0.164012           0.295342    0.503615 -0.304538   \n",
       "length             0.116049           0.190043    0.659407 -0.241771   \n",
       "width              0.192891           0.261152    0.675741 -0.223720   \n",
       "height            -0.095364           0.236149    0.011204 -0.311552   \n",
       "curb-weight        0.171691           0.226822    0.784320 -0.255611   \n",
       "engine-size        0.296693           0.146519    0.768618 -0.334210   \n",
       "bore              -0.105464           0.019216    0.557107 -0.315841   \n",
       "stroke             1.000000           0.240895    0.149315 -0.008569   \n",
       "compression-ratio  0.240895           1.000000   -0.164042 -0.409726   \n",
       "horsepower         0.149315          -0.164042    1.000000  0.091212   \n",
       "peak-rpm          -0.008569          -0.409726    0.091212  1.000000   \n",
       "city-mpg          -0.021381           0.278269   -0.825310 -0.120581   \n",
       "highway-mpg       -0.013974           0.223595   -0.819190 -0.093605   \n",
       "price              0.158798           0.209138    0.759040 -0.154289   \n",
       "\n",
       "                   city-mpg  highway-mpg     price  \n",
       "symboling          0.013028     0.078220 -0.144078  \n",
       "normalized-losses -0.258502    -0.210768  0.203254  \n",
       "wheel-base        -0.535380    -0.572540  0.726600  \n",
       "length            -0.683543    -0.690581  0.756060  \n",
       "width             -0.644124    -0.674959  0.841883  \n",
       "height            -0.112150    -0.146788  0.224936  \n",
       "curb-weight       -0.732746    -0.765103  0.891750  \n",
       "engine-size       -0.599425    -0.625054  0.807566  \n",
       "bore              -0.585618    -0.586729  0.534891  \n",
       "stroke            -0.021381    -0.013974  0.158798  \n",
       "compression-ratio  0.278269     0.223595  0.209138  \n",
       "horsepower        -0.825310    -0.819190  0.759040  \n",
       "peak-rpm          -0.120581    -0.093605 -0.154289  \n",
       "city-mpg           1.000000     0.972996 -0.678644  \n",
       "highway-mpg        0.972996     1.000000 -0.709135  \n",
       "price             -0.678644    -0.709135  1.000000  "
      ]
     },
     "execution_count": 13,
     "metadata": {},
     "output_type": "execute_result"
    }
   ],
   "source": [
    "df.corr()"
   ]
  },
  {
   "cell_type": "code",
   "execution_count": 15,
   "metadata": {},
   "outputs": [
    {
     "data": {
      "text/html": [
       "<div>\n",
       "<style scoped>\n",
       "    .dataframe tbody tr th:only-of-type {\n",
       "        vertical-align: middle;\n",
       "    }\n",
       "\n",
       "    .dataframe tbody tr th {\n",
       "        vertical-align: top;\n",
       "    }\n",
       "\n",
       "    .dataframe thead th {\n",
       "        text-align: right;\n",
       "    }\n",
       "</style>\n",
       "<table border=\"1\" class=\"dataframe\">\n",
       "  <thead>\n",
       "    <tr style=\"text-align: right;\">\n",
       "      <th></th>\n",
       "      <th>bore</th>\n",
       "      <th>stroke</th>\n",
       "      <th>compression-ratio</th>\n",
       "      <th>horsepower</th>\n",
       "    </tr>\n",
       "  </thead>\n",
       "  <tbody>\n",
       "    <tr>\n",
       "      <th>bore</th>\n",
       "      <td>1.000000</td>\n",
       "      <td>-0.105464</td>\n",
       "      <td>0.019216</td>\n",
       "      <td>0.557107</td>\n",
       "    </tr>\n",
       "    <tr>\n",
       "      <th>stroke</th>\n",
       "      <td>-0.105464</td>\n",
       "      <td>1.000000</td>\n",
       "      <td>0.240895</td>\n",
       "      <td>0.149315</td>\n",
       "    </tr>\n",
       "    <tr>\n",
       "      <th>compression-ratio</th>\n",
       "      <td>0.019216</td>\n",
       "      <td>0.240895</td>\n",
       "      <td>1.000000</td>\n",
       "      <td>-0.164042</td>\n",
       "    </tr>\n",
       "    <tr>\n",
       "      <th>horsepower</th>\n",
       "      <td>0.557107</td>\n",
       "      <td>0.149315</td>\n",
       "      <td>-0.164042</td>\n",
       "      <td>1.000000</td>\n",
       "    </tr>\n",
       "  </tbody>\n",
       "</table>\n",
       "</div>"
      ],
      "text/plain": [
       "                       bore    stroke  compression-ratio  horsepower\n",
       "bore               1.000000 -0.105464           0.019216    0.557107\n",
       "stroke            -0.105464  1.000000           0.240895    0.149315\n",
       "compression-ratio  0.019216  0.240895           1.000000   -0.164042\n",
       "horsepower         0.557107  0.149315          -0.164042    1.000000"
      ]
     },
     "execution_count": 15,
     "metadata": {},
     "output_type": "execute_result"
    }
   ],
   "source": [
    "#finding correlation between specific columns\n",
    "df[['bore', 'stroke', 'compression-ratio', 'horsepower']].corr()"
   ]
  },
  {
   "attachments": {},
   "cell_type": "markdown",
   "metadata": {},
   "source": [
    "<h3> Continuous Numerical Variables </h3> \n",
    "Continuous numerical variables are variables that may contain any value within some range. They can be of type \"int64\" or \"float64\". A great way to visualize these variables is by using scatterplots with fitted lines - using regplot"
   ]
  },
  {
   "cell_type": "code",
   "execution_count": 22,
   "metadata": {},
   "outputs": [
    {
     "data": {
      "text/html": [
       "<div>\n",
       "<style scoped>\n",
       "    .dataframe tbody tr th:only-of-type {\n",
       "        vertical-align: middle;\n",
       "    }\n",
       "\n",
       "    .dataframe tbody tr th {\n",
       "        vertical-align: top;\n",
       "    }\n",
       "\n",
       "    .dataframe thead th {\n",
       "        text-align: right;\n",
       "    }\n",
       "</style>\n",
       "<table border=\"1\" class=\"dataframe\">\n",
       "  <thead>\n",
       "    <tr style=\"text-align: right;\">\n",
       "      <th></th>\n",
       "      <th>engine-size</th>\n",
       "      <th>price</th>\n",
       "    </tr>\n",
       "  </thead>\n",
       "  <tbody>\n",
       "    <tr>\n",
       "      <th>engine-size</th>\n",
       "      <td>1.000000</td>\n",
       "      <td>0.807566</td>\n",
       "    </tr>\n",
       "    <tr>\n",
       "      <th>price</th>\n",
       "      <td>0.807566</td>\n",
       "      <td>1.000000</td>\n",
       "    </tr>\n",
       "  </tbody>\n",
       "</table>\n",
       "</div>"
      ],
      "text/plain": [
       "             engine-size     price\n",
       "engine-size     1.000000  0.807566\n",
       "price           0.807566  1.000000"
      ]
     },
     "execution_count": 22,
     "metadata": {},
     "output_type": "execute_result"
    },
    {
     "data": {
